16.3
13.7
20.0
13.6
13.5
14.1
13.7
14.0
13.8
13.9
13.8
13.9
14.1
13.9
14.0
13.9
13.8
14.2
13.6
13.2
13.7
13.9
13.9
13.8
14.0
14.3
13.8
13.7
13.8
13.7
13.4
13.7
20.3
19.8
19.9
13.8
19.8
19.7
14.2
13.7
13.6
25.8
20.2
13.5
13.9
13.9
14.1
19.9
26.1
13.6
19.8
13.9
26.9
19.8
19.7
20.1
19.1
20.0
20.0
13.8
13.7
20.0
19.7
19.7
19.7
19.8
14.1
19.9
25.8
26.1
19.6
20.1
13.6
13.3
13.9
14.3
13.5
13.9
14.0
13.9
13.7
13.8
14.0
13.8
15.0
13.9
13.7
13.7
13.5
13.7
15.1
13.6
13.9
13.7
13.8
13.8
14.8
13.7
14.3
13.7
